11100
file closed
line count 11100
<<<<<<< HEAD
0.5625 0.4375 
0.5 0.5 0.555556 0.375 0.0555556 0.125 0.388889 0.5625 0.444444 0.375 0.0555556 0.0625 
0.230769 0.769231 
0.153846 0.555556 0.388889 0.2 0.384615 0.333333 0.5 0.5 0.461538 0.111111 0.111111 0.3 
0.315789 0.214286 0.133333 0.263158 0.0714286 0.2 0.421053 0.714286 0.666667 
0.0526316 0.142857 0.315789 0.473684 0.714286 0.526316 0.473684 0.142857 0.157895 
0.125 0.307692 0.875 0.692308 
0.5 0.285714 0.214286 
0.259259 0.142857 0.36 0.296296 0.333333 0.24 0.111111 0.428571 0.36 0.333333 0.0952381 0.04 
0.875 0.125 
0.0555556 0.388889 0.166667 0.275862 0.225806 0.173913 0.307692 0.4 0.277778 0.111111 0.444444 0.275862 0.258065 0.347826 0.269231 0.05 0.555556 0.166667 0.333333 0.344828 0.322581 0.0869565 0.192308 0.15 0.111111 0.333333 0.0555556 0.103448 0.193548 0.391304 0.230769 0.4 
0.411765 0.588235 
0.315789 0.148148 0.12 0.192308 0.0769231 0.368421 0.272727 0.5 0.388889 0.172414 0.310345 0.176471 0.4 0.625 0.263158 0.176471 0.294118 0.318182 0.352941 0.2 0.0769231 0.35 0.111111 0.0909091 0.105263 0.333333 0.08 0.269231 0.461538 0.421053 0.272727 0.15 0.166667 0.344828 0.241379 0.294118 0.3 0.25 0.210526 0.235294 0.264706 0.181818 0.352941 0.266667 0.307692 0.15 0.222222 0.454545 0.473684 0.259259 0.4 0.346154 0.384615 0.157895 0.0454545 0.3 0.0555556 0.137931 0.137931 0.352941 0.2 0.0625 0.0526316 0.352941 0.294118 0.318182 0.176471 0.2 0.230769 0.4 0.111111 0.0909091 0.105263 0.259259 0.4 0.192308 0.0769231 0.0526316 0.409091 0.05 0.388889 0.344828 0.310345 0.176471 0.1 0.0625 0.473684 0.235294 0.147059 0.181818 0.117647 0.333333 0.384615 0.1 0.555556 0.363636 
0.588235 0.411765 
0.047619 0.333333 0.416667 0.0909091 0.363636 0.421053 0.47619 0.5 0.333333 0.454545 0.272727 0.210526 0.47619 0.166667 0.25 0.454545 0.363636 0.368421 
0.333333 0.666667 
0.47619 0.5 0.291667 0.375 0.35 0.0588235 0.190476 0.125 0.291667 0.5 0.5 0.411765 0.333333 0.375 0.416667 0.125 0.15 0.529412 
0.2 0.615385 0.47619 0.6 0.111111 0.0769231 0.533333 0.307692 0.47619 0.1 0.222222 0.307692 0.266667 0.0769231 0.047619 0.3 0.666667 0.615385 
0.15 0.5 0.125 0.5 0.210526 0.166667 0.421053 0.0666667 0.727273 0.35 0.0555556 0.25 0.444444 0.263158 0.166667 0.368421 0.666667 0.181818 0.5 0.444444 0.625 0.0555556 0.526316 0.666667 0.210526 0.266667 0.0909091 
0.263158 0.363636 0.25 0.222222 0.47619 0.307692 0.210526 0.111111 0.4 0.263158 0.454545 0.416667 0.222222 0.380952 0.153846 0.421053 0.555556 0.3 0.473684 0.181818 0.333333 0.555556 0.142857 0.538462 0.368421 0.333333 0.3 
0.5 0.368421 0.125 0.210526 0.375 0.421053 
0.321429 0.461538 0.357143 0.384615 0.321429 0.153846 
0.444444 0.555556 
0.25 0.75 
0.1 0.470588 0.4 0.470588 0.5 0.0588235 
0.5 0.5 
0.533333 0.466667 
0.2 0.571429 0.5 0.4 0.625 0.529412 0.181818 0.285714 0.444444 0.375 0.909091 0.5 0.166667 0.166667 0.473684 0.5 0.285714 0.181818 0.428571 0.2 0.666667 0.615385 0.333333 0.642857 0.833333 0.454545 0.142857 0.5 0.4 0.692308 0.909091 0.625 0.25 0.416667 0.25 0.75 0.5 0.8 0.416667 0.526316 0.769231 0.428571 0.444444 0.181818 0.6 0.333333 0.25 0.411765 0.375 0.555556 0.5 0.533333 0.777778 0.909091 0.8 0.428571 0.5 0.6 0.375 0.470588 0.818182 0.714286 0.555556 0.625 0.0909091 0.5 0.833333 0.833333 0.526316 0.5 0.714286 0.818182 0.571429 0.8 0.333333 0.384615 0.666667 0.357143 0.166667 0.545455 0.857143 0.5 0.6 0.307692 0.0909091 0.375 0.75 0.583333 0.75 0.25 0.5 0.2 0.583333 0.473684 0.230769 0.571429 0.555556 0.818182 0.4 0.666667 0.75 0.588235 0.625 0.444444 0.5 0.466667 0.222222 0.0909091 
0.375 0.235294 0.4 0.357143 0.294118 0.0625 0.375 0.294118 0.4 0.357143 0.235294 0.625 0.25 0.470588 0.2 0.285714 0.470588 0.3125 
0.333333 0.571429 0.714286 0.1 0.875 0.5 0.666667 0.428571 0.285714 0.9 0.125 0.5 
0.391304 0.214286 0.4 0.7 0.111111 0.125 0.473684 0.26087 0.347826 0.285714 0.333333 0.1 0.333333 0.375 0.421053 0.347826 0.26087 0.5 0.266667 0.2 0.555556 0.5 0.105263 0.391304 
0.125 0.133333 0.0714286 0.1 0.588235 0.0869565 0.227273 0.0625 0.193548 0.0833333 0.318182 0.454545 0.1875 0.333333 0.357143 0.333333 0.0588235 0.0869565 0.0454545 0.375 0.290323 0.416667 0.136364 0.181818 0.5625 0.4 0.428571 0.266667 0.176471 0.391304 0.363636 0.25 0.322581 0.375 0.272727 0.0909091 0.125 0.133333 0.142857 0.3 0.176471 0.434783 0.363636 0.3125 0.193548 0.125 0.272727 0.272727 
0.190476 0.4 0.0434783 0.210526 0.3125 0.294118 0.333333 0.380952 0.277778 0.357143 0.333333 0.16 0.238095 0.25 0.391304 0.368421 0.15625 0.235294 0.333333 0.285714 0.194444 0.0714286 0.285714 0.36 0.0952381 0.2 0.217391 0.368421 0.25 0.176471 0.125 0.047619 0.277778 0.357143 0.285714 0.36 0.47619 0.15 0.347826 0.0526316 0.28125 0.294118 0.208333 0.285714 0.25 0.214286 0.0952381 0.12 
0.45 0.346154 0.384615 0.357143 0.05 0.269231 0.230769 0.142857 0.5 0.384615 0.384615 0.5 
0.08 0.111111 0.375 0.16 0.290323 0.172414 0.153846 0.285714 0.428571 0.2 0.571429 0.357143 0.24 0.111111 0.208333 0.24 0.225806 0.206897 0.384615 0.178571 0.285714 0.1 0.0714286 0.285714 0.28 0.333333 0.0416667 0.28 0.193548 0.344828 0.192308 0.321429 0.190476 0.4 0.142857 0.0714286 0.4 0.444444 0.375 0.32 0.290323 0.275862 0.269231 0.214286 0.0952381 0.3 0.214286 0.285714 
0.421053 0.0952381 0.363636 0.2 0.235294 0.266667 0.0909091 0.294118 0.30303 0.0952381 0.347826 0.212121 0.5 0.142857 0.2 0.368421 0.26087 0.36 0.266667 0.178571 0.222222 0.307692 0.266667 0.285714 0.263158 0.142857 0.0909091 0.24 0.294118 0.2 0.227273 0.147059 0.181818 0.380952 0.0434783 0.272727 0.25 0.142857 0.4 0.157895 0.26087 0.32 0.3 0.321429 0.37037 0.115385 0.466667 0.333333 0.157895 0.285714 0.272727 0.4 0.176471 0.4 0.227273 0.294118 0.30303 0.333333 0.217391 0.212121 0.125 0.47619 0.04 0.421053 0.391304 0.12 0.2 0.357143 0.185185 0.230769 0.133333 0.142857 0.157895 0.47619 0.272727 0.16 0.294118 0.133333 0.454545 0.264706 0.212121 0.190476 0.391304 0.30303 0.125 0.238095 0.36 0.0526316 0.0869565 0.2 0.233333 0.142857 0.222222 0.346154 0.133333 0.238095 
0.0714286 0.5 0.428571 
after init
new line 
0.5625 0.4375 
new line 
0.5 0.5 0.555556 0.375 0.0555556 0.125 0.388889 0.5625 0.444444 0.375 0.0555556 0.0625 
new line 
0.230769 0.769231 
new line 
0.153846 0.555556 0.388889 0.2 0.384615 0.333333 0.5 0.5 0.461538 0.111111 0.111111 0.3 
new line 
0.315789 0.214286 0.133333 0.263158 0.0714286 0.2 0.421053 0.714286 0.666667 
new line 
0.0526316 0.142857 0.315789 0.473684 0.714286 0.526316 0.473684 0.142857 0.157895 
new line 
0.125 0.307692 0.875 0.692308 
new line 
0.5 0.285714 0.214286 
new line 
0.259259 0.142857 0.36 0.296296 0.333333 0.24 0.111111 0.428571 0.36 0.333333 0.0952381 0.04 
new line 
0.875 0.125 
new line 
0.0555556 0.388889 0.166667 0.275862 0.225806 0.173913 0.307692 0.4 0.277778 0.111111 0.444444 0.275862 0.258065 0.347826 0.269231 0.05 0.555556 0.166667 0.333333 0.344828 0.322581 0.0869565 0.192308 0.15 0.111111 0.333333 0.0555556 0.103448 0.193548 0.391304 0.230769 0.4 
new line 
0.411765 0.588235 
new line 
0.315789 0.148148 0.12 0.192308 0.0769231 0.368421 0.272727 0.5 0.388889 0.172414 0.310345 0.176471 0.4 0.625 0.263158 0.176471 0.294118 0.318182 0.352941 0.2 0.0769231 0.35 0.111111 0.0909091 0.105263 0.333333 0.08 0.269231 0.461538 0.421053 0.272727 0.15 0.166667 0.344828 0.241379 0.294118 0.3 0.25 0.210526 0.235294 0.264706 0.181818 0.352941 0.266667 0.307692 0.15 0.222222 0.454545 0.473684 0.259259 0.4 0.346154 0.384615 0.157895 0.0454545 0.3 0.0555556 0.137931 0.137931 0.352941 0.2 0.0625 0.0526316 0.352941 0.294118 0.318182 0.176471 0.2 0.230769 0.4 0.111111 0.0909091 0.105263 0.259259 0.4 0.192308 0.0769231 0.0526316 0.409091 0.05 0.388889 0.344828 0.310345 0.176471 0.1 0.0625 0.473684 0.235294 0.147059 0.181818 0.117647 0.333333 0.384615 0.1 0.555556 0.363636 
new line 
0.588235 0.411765 
new line 
0.047619 0.333333 0.416667 0.0909091 0.363636 0.421053 0.47619 0.5 0.333333 0.454545 0.272727 0.210526 0.47619 0.166667 0.25 0.454545 0.363636 0.368421 
new line 
0.333333 0.666667 
new line 
0.47619 0.5 0.291667 0.375 0.35 0.0588235 0.190476 0.125 0.291667 0.5 0.5 0.411765 0.333333 0.375 0.416667 0.125 0.15 0.529412 
new line 
0.2 0.615385 0.47619 0.6 0.111111 0.0769231 0.533333 0.307692 0.47619 0.1 0.222222 0.307692 0.266667 0.0769231 0.047619 0.3 0.666667 0.615385 
new line 
0.15 0.5 0.125 0.5 0.210526 0.166667 0.421053 0.0666667 0.727273 0.35 0.0555556 0.25 0.444444 0.263158 0.166667 0.368421 0.666667 0.181818 0.5 0.444444 0.625 0.0555556 0.526316 0.666667 0.210526 0.266667 0.0909091 
new line 
0.263158 0.363636 0.25 0.222222 0.47619 0.307692 0.210526 0.111111 0.4 0.263158 0.454545 0.416667 0.222222 0.380952 0.153846 0.421053 0.555556 0.3 0.473684 0.181818 0.333333 0.555556 0.142857 0.538462 0.368421 0.333333 0.3 
new line 
0.5 0.368421 0.125 0.210526 0.375 0.421053 
new line 
0.321429 0.461538 0.357143 0.384615 0.321429 0.153846 
new line 
0.444444 0.555556 
new line 
0.25 0.75 
new line 
0.1 0.470588 0.4 0.470588 0.5 0.0588235 
new line 
0.5 0.5 
new line 
0.533333 0.466667 
new line 
0.2 0.571429 0.5 0.4 0.625 0.529412 0.181818 0.285714 0.444444 0.375 0.909091 0.5 0.166667 0.166667 0.473684 0.5 0.285714 0.181818 0.428571 0.2 0.666667 0.615385 0.333333 0.642857 0.833333 0.454545 0.142857 0.5 0.4 0.692308 0.909091 0.625 0.25 0.416667 0.25 0.75 0.5 0.8 0.416667 0.526316 0.769231 0.428571 0.444444 0.181818 0.6 0.333333 0.25 0.411765 0.375 0.555556 0.5 0.533333 0.777778 0.909091 0.8 0.428571 0.5 0.6 0.375 0.470588 0.818182 0.714286 0.555556 0.625 0.0909091 0.5 0.833333 0.833333 0.526316 0.5 0.714286 0.818182 0.571429 0.8 0.333333 0.384615 0.666667 0.357143 0.166667 0.545455 0.857143 0.5 0.6 0.307692 0.0909091 0.375 0.75 0.583333 0.75 0.25 0.5 0.2 0.583333 0.473684 0.230769 0.571429 0.555556 0.818182 0.4 0.666667 0.75 0.588235 0.625 0.444444 0.5 0.466667 0.222222 0.0909091 
new line 
0.375 0.235294 0.4 0.357143 0.294118 0.0625 0.375 0.294118 0.4 0.357143 0.235294 0.625 0.25 0.470588 0.2 0.285714 0.470588 0.3125 
new line 
0.333333 0.571429 0.714286 0.1 0.875 0.5 0.666667 0.428571 0.285714 0.9 0.125 0.5 
new line 
0.391304 0.214286 0.4 0.7 0.111111 0.125 0.473684 0.26087 0.347826 0.285714 0.333333 0.1 0.333333 0.375 0.421053 0.347826 0.26087 0.5 0.266667 0.2 0.555556 0.5 0.105263 0.391304 
new line 
0.125 0.133333 0.0714286 0.1 0.588235 0.0869565 0.227273 0.0625 0.193548 0.0833333 0.318182 0.454545 0.1875 0.333333 0.357143 0.333333 0.0588235 0.0869565 0.0454545 0.375 0.290323 0.416667 0.136364 0.181818 0.5625 0.4 0.428571 0.266667 0.176471 0.391304 0.363636 0.25 0.322581 0.375 0.272727 0.0909091 0.125 0.133333 0.142857 0.3 0.176471 0.434783 0.363636 0.3125 0.193548 0.125 0.272727 0.272727 
new line 
0.190476 0.4 0.0434783 0.210526 0.3125 0.294118 0.333333 0.380952 0.277778 0.357143 0.333333 0.16 0.238095 0.25 0.391304 0.368421 0.15625 0.235294 0.333333 0.285714 0.194444 0.0714286 0.285714 0.36 0.0952381 0.2 0.217391 0.368421 0.25 0.176471 0.125 0.047619 0.277778 0.357143 0.285714 0.36 0.47619 0.15 0.347826 0.0526316 0.28125 0.294118 0.208333 0.285714 0.25 0.214286 0.0952381 0.12 
new line 
0.45 0.346154 0.384615 0.357143 0.05 0.269231 0.230769 0.142857 0.5 0.384615 0.384615 0.5 
new line 
0.08 0.111111 0.375 0.16 0.290323 0.172414 0.153846 0.285714 0.428571 0.2 0.571429 0.357143 0.24 0.111111 0.208333 0.24 0.225806 0.206897 0.384615 0.178571 0.285714 0.1 0.0714286 0.285714 0.28 0.333333 0.0416667 0.28 0.193548 0.344828 0.192308 0.321429 0.190476 0.4 0.142857 0.0714286 0.4 0.444444 0.375 0.32 0.290323 0.275862 0.269231 0.214286 0.0952381 0.3 0.214286 0.285714 
new line 
0.421053 0.0952381 0.363636 0.2 0.235294 0.266667 0.0909091 0.294118 0.30303 0.0952381 0.347826 0.212121 0.5 0.142857 0.2 0.368421 0.26087 0.36 0.266667 0.178571 0.222222 0.307692 0.266667 0.285714 0.263158 0.142857 0.0909091 0.24 0.294118 0.2 0.227273 0.147059 0.181818 0.380952 0.0434783 0.272727 0.25 0.142857 0.4 0.157895 0.26087 0.32 0.3 0.321429 0.37037 0.115385 0.466667 0.333333 0.157895 0.285714 0.272727 0.4 0.176471 0.4 0.227273 0.294118 0.30303 0.333333 0.217391 0.212121 0.125 0.47619 0.04 0.421053 0.391304 0.12 0.2 0.357143 0.185185 0.230769 0.133333 0.142857 0.157895 0.47619 0.272727 0.16 0.294118 0.133333 0.454545 0.264706 0.212121 0.190476 0.391304 0.30303 0.125 0.238095 0.36 0.0526316 0.0869565 0.2 0.233333 0.142857 0.222222 0.346154 0.133333 0.238095 
new line 
0.0714286 0.5 0.428571 
=======
0.181818 0.818182 
0.25 0.357143 0.0769231 0.454545 0.1875 0.285714 0.461538 0.0909091 0.5625 0.357143 0.461538 0.454545 
0.230769 0.769231 
0.538462 0.111111 0.0588235 0.466667 0.0769231 0.555556 0.588235 0.0666667 0.384615 0.333333 0.352941 0.466667 
0.25 0.444444 0.416667 0.5 0.222222 0.208333 0.25 0.333333 0.375 
0.461538 0.25 0.25 0.461538 0.125 0.333333 0.0769231 0.625 0.416667 
0.769231 0.25 0.230769 0.75 
0.5625 0.1875 0.25 
0.266667 0.315789 0.344828 0.2 0.0526316 0.241379 0.2 0.210526 0.275862 0.333333 0.421053 0.137931 
0.5 0.5 
0.105263 0.225806 0.166667 0.5 0.111111 0.178571 0.214286 0.3 0.473684 0.193548 0.222222 0.142857 0.555556 0.285714 0.357143 0.3 0.157895 0.322581 0.444444 0.214286 0.277778 0.357143 0.321429 0.2 0.263158 0.258065 0.166667 0.142857 0.0555556 0.178571 0.107143 0.2 
0.111111 0.888889 
0.454545 0.142857 0.0666667 0.4 0.466667 0.2 0.208333 0.333333 0.333333 0.16 0.32 0.2 0.285714 0.294118 0.210526 0.294118 0.148148 0.333333 0.6 0.181818 0.285714 0.1 0.0714286 0.315789 0.181818 0.047619 0.333333 0.45 0.266667 0.0666667 0.25 0.2 0.25 0.28 0.12 0.36 0.047619 0.205882 0.526316 0.235294 0.37037 0.3 0.1 0.363636 0.0714286 0.6 0.285714 0.210526 0.272727 0.47619 0.266667 0.05 0.133333 0.533333 0.25 0.166667 0.0833333 0.32 0.2 0.16 0.380952 0.294118 0.0526316 0.117647 0.333333 0.1 0.2 0.409091 0.0714286 0.1 0.357143 0.0526316 0.0909091 0.333333 0.333333 0.1 0.133333 0.2 0.291667 0.3 0.333333 0.24 0.36 0.28 0.285714 0.205882 0.210526 0.352941 0.148148 0.266667 0.1 0.0454545 0.571429 0.2 0.285714 0.421053 
0.545455 0.454545 
0.272727 0.368421 0.538462 0.0952381 0.368421 0.333333 0.363636 0.315789 0.0769231 0.47619 0.526316 0.333333 0.363636 0.315789 0.384615 0.428571 0.105263 0.333333 
0.5 0.5 
0.208333 0.4 0.1875 0.4 0.555556 0.588235 0.375 0.25 0.4375 0.2 0.0555556 0.235294 0.416667 0.35 0.375 0.4 0.388889 0.176471 
0.333333 0.6 0.363636 0.35 0.4 0.25 0.133333 0.333333 0.181818 0.15 0.2 0.375 0.533333 0.0666667 0.454545 0.5 0.4 0.375 
0.0833333 0.571429 0.1 0.5625 0.0714286 0.133333 0.173913 0.272727 0.454545 0.75 0.142857 0.4 0.25 0.5 0.466667 0.391304 0.272727 0.272727 0.166667 0.285714 0.5 0.1875 0.428571 0.4 0.434783 0.454545 0.272727 
0.4 0.3 0.238095 0.166667 0.26087 0.153846 0.235294 0.461538 0.2 0.466667 0.5 0.285714 0.388889 0.434783 0.615385 0.235294 0.384615 0.3 0.133333 0.2 0.47619 0.444444 0.304348 0.230769 0.529412 0.153846 0.5 
0.2 0.5 0.35 0.166667 0.45 0.333333 
0.291667 0.1875 0.333333 0.5 0.375 0.3125 
0.285714 0.714286 
0.307692 0.692308 
0.0588235 0.428571 0.352941 0.357143 0.588235 0.214286 
0.545455 0.454545 
0.285714 0.714286 
0.666667 0.4 0.75 0.833333 0.571429 0.25 0.7 0.333333 0.333333 0.777778 0.416667 0.8 0.526316 0.444444 0.571429 0.5 0.125 0.6 0.333333 0.461538 0.466667 0.454545 0.142857 0.384615 0.1 0.375 0.473684 0.5 0.9 0.111111 0.333333 0.333333 0.571429 0.470588 0.6 0.714286 0.888889 0.384615 0.909091 0.125 0.0909091 0.466667 0.111111 0.555556 0.333333 0.615385 0.5625 0.166667 0.8 0.5 0.470588 0.4 0.411765 0.625 0.333333 0.6 0.25 0.166667 0.428571 0.75 0.3 0.666667 0.666667 0.222222 0.583333 0.2 0.473684 0.555556 0.428571 0.5 0.875 0.4 0.666667 0.538462 0.533333 0.545455 0.857143 0.615385 0.9 0.625 0.526316 0.5 0.1 0.888889 0.666667 0.666667 0.428571 0.529412 0.4 0.285714 0.111111 0.615385 0.0909091 0.875 0.909091 0.533333 0.888889 0.444444 0.666667 0.384615 0.4375 0.833333 0.2 0.5 0.529412 0.6 0.588235 0.375 
0.333333 0.727273 0.0625 0.444444 0.352941 0.2 0.380952 0.0909091 0.375 0.166667 0.0588235 0.133333 0.285714 0.181818 0.5625 0.388889 0.588235 0.666667 
0.375 0.692308 0.473684 0.473684 0.375 0.4 0.625 0.307692 0.526316 0.526316 0.625 0.6 
0.428571 0.0625 0.4 0.333333 0.416667 0.157895 0.37037 0.269231 0.214286 0.4375 0.1 0.25 0.333333 0.368421 0.333333 0.346154 0.357143 0.5 0.5 0.416667 0.25 0.473684 0.296296 0.384615 
0.3 0.47619 0.15 0.172414 0.321429 0.310345 0.333333 0.173913 0.0555556 0.0869565 0.0434783 0.0434783 0.25 0.0952381 0.45 0.310345 0.321429 0.344828 0.266667 0.347826 0.388889 0.0869565 0.26087 0.130435 0.05 0.285714 0.15 0.206897 0.214286 0.0689655 0.333333 0.0434783 0.0555556 0.434783 0.304348 0.434783 0.4 0.142857 0.25 0.310345 0.142857 0.275862 0.0666667 0.434783 0.5 0.391304 0.391304 0.391304 
0.409091 0.173913 0.28 0.304348 0.230769 0.266667 0.28125 0.25 0.0555556 0.111111 0.210526 0.375 0.318182 0.434783 0.32 0.391304 0.0384615 0.4 0.3125 0.0416667 0.444444 0.185185 0.0526316 0.125 0.0909091 0.0434783 0.04 0.0869565 0.346154 0.0666667 0.09375 0.375 0.277778 0.333333 0.368421 0.125 0.181818 0.347826 0.36 0.217391 0.384615 0.266667 0.3125 0.333333 0.222222 0.37037 0.368421 0.375 
0.384615 0.3 0.315789 0.230769 0.153846 0.3 0.315789 0.230769 0.461538 0.4 0.368421 0.538462 
0.05 0.3 0.225806 0.368421 0.375 0.235294 0.470588 0.111111 0.0625 0.285714 0.2 0.117647 0.1 0.266667 0.322581 0.368421 0.291667 0.352941 0.235294 0.166667 0.1875 0.357143 0.233333 0.294118 0.35 0.133333 0.290323 0.157895 0.0833333 0.294118 0.0588235 0.222222 0.1875 0.25 0.333333 0.176471 0.5 0.3 0.16129 0.105263 0.25 0.117647 0.235294 0.5 0.5625 0.107143 0.233333 0.411765 
0.416667 0.0416667 0.1 0.142857 0.117647 0.296296 0.4 0.275862 0.0769231 0.357143 0.117647 0.277778 0.5 0.0740741 0.235294 0.266667 0.0588235 0.583333 0.24 0.1 0.294118 0.125 0.166667 0.125 0.166667 0.291667 0.05 0.142857 0.0588235 0.333333 0.0666667 0.344828 0.346154 0.142857 0.0588235 0.111111 0.0555556 0.333333 0.294118 0.133333 0.176471 0.0833333 0.32 0.15 0.294118 0.3125 0.333333 0.3125 0.125 0.25 0.4 0.642857 0.411765 0.037037 0.0666667 0.0689655 0.346154 0.214286 0.352941 0.5 0.166667 0.222222 0.294118 0.266667 0.529412 0.25 0.2 0.45 0.0588235 0.25 0.125 0.3125 0.291667 0.416667 0.45 0.0714286 0.411765 0.333333 0.466667 0.310345 0.230769 0.285714 0.470588 0.111111 0.277778 0.37037 0.176471 0.333333 0.235294 0.0833333 0.24 0.3 0.352941 0.3125 0.375 0.25 
0.6 0.266667 0.133333 
after init
new line 
0.181818 0.818182 
new line 
0.25 0.357143 0.0769231 0.454545 0.1875 0.285714 0.461538 0.0909091 0.5625 0.357143 0.461538 0.454545 
new line 
0.230769 0.769231 
new line 
0.538462 0.111111 0.0588235 0.466667 0.0769231 0.555556 0.588235 0.0666667 0.384615 0.333333 0.352941 0.466667 
new line 
0.25 0.444444 0.416667 0.5 0.222222 0.208333 0.25 0.333333 0.375 
new line 
0.461538 0.25 0.25 0.461538 0.125 0.333333 0.0769231 0.625 0.416667 
new line 
0.769231 0.25 0.230769 0.75 
new line 
0.5625 0.1875 0.25 
new line 
0.266667 0.315789 0.344828 0.2 0.0526316 0.241379 0.2 0.210526 0.275862 0.333333 0.421053 0.137931 
new line 
0.5 0.5 
new line 
0.105263 0.225806 0.166667 0.5 0.111111 0.178571 0.214286 0.3 0.473684 0.193548 0.222222 0.142857 0.555556 0.285714 0.357143 0.3 0.157895 0.322581 0.444444 0.214286 0.277778 0.357143 0.321429 0.2 0.263158 0.258065 0.166667 0.142857 0.0555556 0.178571 0.107143 0.2 
new line 
0.111111 0.888889 
new line 
0.454545 0.142857 0.0666667 0.4 0.466667 0.2 0.208333 0.333333 0.333333 0.16 0.32 0.2 0.285714 0.294118 0.210526 0.294118 0.148148 0.333333 0.6 0.181818 0.285714 0.1 0.0714286 0.315789 0.181818 0.047619 0.333333 0.45 0.266667 0.0666667 0.25 0.2 0.25 0.28 0.12 0.36 0.047619 0.205882 0.526316 0.235294 0.37037 0.3 0.1 0.363636 0.0714286 0.6 0.285714 0.210526 0.272727 0.47619 0.266667 0.05 0.133333 0.533333 0.25 0.166667 0.0833333 0.32 0.2 0.16 0.380952 0.294118 0.0526316 0.117647 0.333333 0.1 0.2 0.409091 0.0714286 0.1 0.357143 0.0526316 0.0909091 0.333333 0.333333 0.1 0.133333 0.2 0.291667 0.3 0.333333 0.24 0.36 0.28 0.285714 0.205882 0.210526 0.352941 0.148148 0.266667 0.1 0.0454545 0.571429 0.2 0.285714 0.421053 
new line 
0.545455 0.454545 
new line 
0.272727 0.368421 0.538462 0.0952381 0.368421 0.333333 0.363636 0.315789 0.0769231 0.47619 0.526316 0.333333 0.363636 0.315789 0.384615 0.428571 0.105263 0.333333 
new line 
0.5 0.5 
new line 
0.208333 0.4 0.1875 0.4 0.555556 0.588235 0.375 0.25 0.4375 0.2 0.0555556 0.235294 0.416667 0.35 0.375 0.4 0.388889 0.176471 
new line 
0.333333 0.6 0.363636 0.35 0.4 0.25 0.133333 0.333333 0.181818 0.15 0.2 0.375 0.533333 0.0666667 0.454545 0.5 0.4 0.375 
new line 
0.0833333 0.571429 0.1 0.5625 0.0714286 0.133333 0.173913 0.272727 0.454545 0.75 0.142857 0.4 0.25 0.5 0.466667 0.391304 0.272727 0.272727 0.166667 0.285714 0.5 0.1875 0.428571 0.4 0.434783 0.454545 0.272727 
new line 
0.4 0.3 0.238095 0.166667 0.26087 0.153846 0.235294 0.461538 0.2 0.466667 0.5 0.285714 0.388889 0.434783 0.615385 0.235294 0.384615 0.3 0.133333 0.2 0.47619 0.444444 0.304348 0.230769 0.529412 0.153846 0.5 
new line 
0.2 0.5 0.35 0.166667 0.45 0.333333 
new line 
0.291667 0.1875 0.333333 0.5 0.375 0.3125 
new line 
0.285714 0.714286 
new line 
0.307692 0.692308 
new line 
0.0588235 0.428571 0.352941 0.357143 0.588235 0.214286 
new line 
0.545455 0.454545 
new line 
0.285714 0.714286 
new line 
0.666667 0.4 0.75 0.833333 0.571429 0.25 0.7 0.333333 0.333333 0.777778 0.416667 0.8 0.526316 0.444444 0.571429 0.5 0.125 0.6 0.333333 0.461538 0.466667 0.454545 0.142857 0.384615 0.1 0.375 0.473684 0.5 0.9 0.111111 0.333333 0.333333 0.571429 0.470588 0.6 0.714286 0.888889 0.384615 0.909091 0.125 0.0909091 0.466667 0.111111 0.555556 0.333333 0.615385 0.5625 0.166667 0.8 0.5 0.470588 0.4 0.411765 0.625 0.333333 0.6 0.25 0.166667 0.428571 0.75 0.3 0.666667 0.666667 0.222222 0.583333 0.2 0.473684 0.555556 0.428571 0.5 0.875 0.4 0.666667 0.538462 0.533333 0.545455 0.857143 0.615385 0.9 0.625 0.526316 0.5 0.1 0.888889 0.666667 0.666667 0.428571 0.529412 0.4 0.285714 0.111111 0.615385 0.0909091 0.875 0.909091 0.533333 0.888889 0.444444 0.666667 0.384615 0.4375 0.833333 0.2 0.5 0.529412 0.6 0.588235 0.375 
new line 
0.333333 0.727273 0.0625 0.444444 0.352941 0.2 0.380952 0.0909091 0.375 0.166667 0.0588235 0.133333 0.285714 0.181818 0.5625 0.388889 0.588235 0.666667 
new line 
0.375 0.692308 0.473684 0.473684 0.375 0.4 0.625 0.307692 0.526316 0.526316 0.625 0.6 
new line 
0.428571 0.0625 0.4 0.333333 0.416667 0.157895 0.37037 0.269231 0.214286 0.4375 0.1 0.25 0.333333 0.368421 0.333333 0.346154 0.357143 0.5 0.5 0.416667 0.25 0.473684 0.296296 0.384615 
new line 
0.3 0.47619 0.15 0.172414 0.321429 0.310345 0.333333 0.173913 0.0555556 0.0869565 0.0434783 0.0434783 0.25 0.0952381 0.45 0.310345 0.321429 0.344828 0.266667 0.347826 0.388889 0.0869565 0.26087 0.130435 0.05 0.285714 0.15 0.206897 0.214286 0.0689655 0.333333 0.0434783 0.0555556 0.434783 0.304348 0.434783 0.4 0.142857 0.25 0.310345 0.142857 0.275862 0.0666667 0.434783 0.5 0.391304 0.391304 0.391304 
new line 
0.409091 0.173913 0.28 0.304348 0.230769 0.266667 0.28125 0.25 0.0555556 0.111111 0.210526 0.375 0.318182 0.434783 0.32 0.391304 0.0384615 0.4 0.3125 0.0416667 0.444444 0.185185 0.0526316 0.125 0.0909091 0.0434783 0.04 0.0869565 0.346154 0.0666667 0.09375 0.375 0.277778 0.333333 0.368421 0.125 0.181818 0.347826 0.36 0.217391 0.384615 0.266667 0.3125 0.333333 0.222222 0.37037 0.368421 0.375 
new line 
0.384615 0.3 0.315789 0.230769 0.153846 0.3 0.315789 0.230769 0.461538 0.4 0.368421 0.538462 
new line 
0.05 0.3 0.225806 0.368421 0.375 0.235294 0.470588 0.111111 0.0625 0.285714 0.2 0.117647 0.1 0.266667 0.322581 0.368421 0.291667 0.352941 0.235294 0.166667 0.1875 0.357143 0.233333 0.294118 0.35 0.133333 0.290323 0.157895 0.0833333 0.294118 0.0588235 0.222222 0.1875 0.25 0.333333 0.176471 0.5 0.3 0.16129 0.105263 0.25 0.117647 0.235294 0.5 0.5625 0.107143 0.233333 0.411765 
new line 
0.416667 0.0416667 0.1 0.142857 0.117647 0.296296 0.4 0.275862 0.0769231 0.357143 0.117647 0.277778 0.5 0.0740741 0.235294 0.266667 0.0588235 0.583333 0.24 0.1 0.294118 0.125 0.166667 0.125 0.166667 0.291667 0.05 0.142857 0.0588235 0.333333 0.0666667 0.344828 0.346154 0.142857 0.0588235 0.111111 0.0555556 0.333333 0.294118 0.133333 0.176471 0.0833333 0.32 0.15 0.294118 0.3125 0.333333 0.3125 0.125 0.25 0.4 0.642857 0.411765 0.037037 0.0666667 0.0689655 0.346154 0.214286 0.352941 0.5 0.166667 0.222222 0.294118 0.266667 0.529412 0.25 0.2 0.45 0.0588235 0.25 0.125 0.3125 0.291667 0.416667 0.45 0.0714286 0.411765 0.333333 0.466667 0.310345 0.230769 0.285714 0.470588 0.111111 0.277778 0.37037 0.176471 0.333333 0.235294 0.0833333 0.24 0.3 0.352941 0.3125 0.375 0.25 
new line 
0.6 0.266667 0.133333 
>>>>>>> 3763a6a757362da092f20004dccf088e625bcaa1
 ------------------------------------------------------------
new line 
0.204302 0.795698 
new line 
<<<<<<< HEAD
1 0.496073 0.946003 0.0501886 8.22645e-08 0.487576 0.0423814 0.900351 8.1088e-08 0.0163513 0.0116156 0.04946 
new line 
0.0503852 0.949615 
new line 
0.942371 0.977114 0.00471073 0.0480738 0.0410562 0.0105015 0.0832729 0.899598 0.0165731 0.0123841 0.912016 0.0523279 
new line 
0.947111 0.0376297 0.0119881 0.0445314 0.951925 0.0379376 0.00835715 0.0104457 0.950074 
new line 
0.947335 0.0441162 0.00759125 0.0416187 0.943518 0.271244 0.0110465 0.0123656 0.721165 
new line 
0.910458 0.0109618 0.0895423 0.989038 
new line 
0.00986404 0.980174 0.00996233 
new line 
0.0131184 0.0104103 2.12843e-07 0.94008 0.0103256 1.19136e-07 0.0282438 0.970079 0.00929625 0.018558 0.00918498 0.990703 
new line 
0.0494989 0.950501 
new line 
0.999995 0.923585 0.668681 0.0225786 0.972642 0.0103026 0.999997 0.00562323 1.57398e-06 0.0286149 0.169335 0.962716 0.00775812 0.0108228 8.28313e-07 0.00512955 1.57398e-06 0.038018 0.161983 0.00485471 0.0137113 0.969043 8.28313e-07 0.0102228 1.57398e-06 0.00978162 1.61981e-06 0.00985067 0.00588893 0.00983162 1.29132e-06 0.979024 
new line 
0.0450074 0.954993 
new line 
0.923534 8.74415e-07 2.71333e-08 1.10221e-06 0.25 0.000126607 7.5535e-07 0.25 0.999985 7.73031e-06 1.02083e-06 0.452915 0.979493 0.0113187 0.0114601 0.00766264 0.999998 0.537034 0.204153 0.181049 0.954065 2.09612e-06 0.0157707 1.13948e-06 2.78573e-06 0.638308 0.0103124 1.21354e-06 0.25 0.99962 0.264122 0.25 4.9999e-06 0.221387 8.85974e-07 4.5291e-06 0.00836469 0.973534 0.00929003 0.00767179 6.91773e-07 0.462965 0.721776 0.818933 0.0229681 0.888911 0.00648387 1.13948e-06 1.78273e-06 0.218526 0.0684589 1.16206e-06 0.25 0.000126607 0.403862 0.25 4.9999e-06 7.73031e-06 0.101212 4.5291e-06 0.00315465 0.00761322 0.970988 0.00773108 6.88909e-07 7.67909e-07 0.0583626 1.40932e-06 0.022967 0.111086 0.395643 1.13948e-06 0.0764615 0.143165 0.921229 0.999997 0.25 0.000126607 0.332016 0.25 5.02712e-06 0.778597 0.898786 0.547076 0.00898791 0.00753382 0.00826236 0.976934 6.88909e-07 7.67909e-07 0.015709 1.65692e-05 2.34882e-07 8.7516e-07 0.582102 0.999997 
new line 
0.0509371 0.949063 
new line 
0.957627 0.355578 0.322171 0.975794 0.00951248 0.00936294 6.65991e-07 0.639847 0.363248 0.0121063 0.980922 0.0105567 0.0423725 0.0045749 0.314581 0.0120998 0.00956566 0.98008 
new line 
0.0982476 0.901752 
new line 
0.357077 0.988848 0.391839 0.0131533 0.320191 0.00917437 0.26495 0.0111518 0.300544 0.975438 0.337998 0.00913719 0.377973 3.07566e-08 0.307617 0.0114085 0.341811 0.981688 
new line 
0.30245 0.973341 0.304588 0.00984048 0.329127 0.00917908 0.362052 0.0153879 0.313053 0.979398 0.320241 0.00860915 0.335498 0.0112707 0.382359 0.0107618 0.350632 0.982212 
new line 
0.982887 0.971153 0.303943 0.984031 0.094437 0.0502067 0.904477 0.0374024 0.00928433 0.00977297 0.0112422 0.601458 0.00794122 0.845987 0.385783 0.0830162 0.197082 0.0872934 0.00733978 0.0176052 0.0945987 0.00802805 0.0595759 0.56401 0.012507 0.765516 0.903422 
new line 
0.970172 0.958127 0.340847 0.947679 0.0423745 0.00544884 0.801372 0.0100489 0.0147567 0.00752296 0.039168 0.659153 0.0392865 0.94711 0.352558 0.190884 0.0379433 5.66816e-07 0.0223052 0.00270477 4.72338e-07 0.0130345 0.0105154 0.641993 0.00774437 0.952008 0.985243 
new line 
0.103253 0.01016 0.88417 0.0870841 0.0125774 0.902756 
new line 
0.988886 0.304924 6.88066e-07 0.396065 0.0111134 0.29901 
new line 
0.00829828 0.991702 
new line 
0.20072 0.79928 
new line 
3.45109e-07 0.0502025 0.189369 0.901804 0.81063 0.0479936 
new line 
0.0108248 0.989175 
new line 
0.00979925 0.990201 
new line 
0.111747 2.85294e-07 0.0135563 2.82459e-05 1.55676e-07 0.0164398 1.25745e-06 0.0300293 0.0165635 0.000834963 0.0103429 5.8006e-07 0.0339068 0.00857753 4.73301e-07 5.18074e-07 0.0592356 6.64387e-07 2.78442e-07 4.26745e-07 0.00172744 0.0437396 0.109264 1.78078e-06 0.0353649 8.26191e-07 1.81248e-06 0.114808 0.0335224 0.00169149 0.0432562 0.0405044 0.00547189 0.0624791 0.0489168 0.0109318 0.120967 0.109967 0.122786 0.987954 0.947461 0.307953 0.929261 0.955577 0.268493 0.935985 0.951028 0.311805 0.983175 0.99195 0.999999 0.96083 1 0.409179 0.888253 1 0.986444 0.999972 1 0.98356 0.999999 0.969971 0.983437 0.999165 0.989657 0.999999 0.966093 0.991422 1 0.999999 0.940764 0.999999 1 1 0.998273 0.95626 0.890736 0.999998 0.964635 0.999999 0.999998 0.885192 0.966478 0.998309 0.956744 0.959496 0.994528 0.937521 0.951083 0.989068 0.879033 0.890033 0.877214 0.0120459 0.0525392 0.692047 0.0707388 0.044423 0.731507 0.0640152 0.0489719 0.688195 0.0168246 0.00804996 6.86328e-07 0.0391701 1.03476e-07 0.590821 
new line 
0.978993 0.00824619 0.0164586 0.97419 0.989785 0.7676 0.00787153 0.980441 0.0072332 0.0145592 0.00414644 0.2324 0.0131353 0.0113133 0.976308 0.0112507 0.00606828 8.06602e-07 
new line 
0.0841071 0.000739358 1.43354e-06 0.951106 0.960639 0.0442167 0.915893 0.999261 0.999999 0.0488944 0.0393611 0.955783 
new line 
0.999999 0.984878 0.999998 0.978654 0.959436 0.00960993 0.999996 0.00671715 6.96901e-07 0.00845424 1.54293e-06 0.00982262 0.0405641 0.947467 2.00023e-06 0.0158323 6.96901e-07 0.00666727 7.50106e-07 0.0115236 1.74059e-07 0.0429234 2.08789e-06 0.977451 
new line 
0.975911 0.983547 0.971371 0.00853275 0.99997 2.93863e-07 0.00903495 0.500905 0.0155652 0.00583105 0.499998 6.68021e-07 0.00985505 0.00987189 0.0143143 0.977764 1.00074e-05 0.970613 0.0100226 0.499083 0.0133833 0.0145279 0.499997 6.67116e-07 0.00766529 0.00329065 1.46677e-07 0.0102901 9.97404e-06 2.95422e-07 0.969556 6.85923e-06 0.957713 0.0116635 2.49997e-06 6.74779e-07 0.00656889 0.00329065 0.0143143 0.0034132 9.97404e-06 0.0293866 0.011386 4.99454e-06 0.0133388 0.967977 2.50436e-06 0.999998 
new line 
0.999998 0.110885 0.0122495 0.00983708 0.929436 0.0776613 0.00835406 2.5625e-07 0.971921 0.00828045 0.0117111 0.0476628 4.95479e-07 0.889057 0.975377 0.973768 0.0352816 9.76691e-07 0.00975723 2.63769e-07 0.00962724 0.0115863 0.00469901 4.77383e-07 5.14936e-07 1.65407e-05 0.00496269 0.0131161 7.54245e-07 0.92233 0.971765 0.999999 0.0112317 0.00852893 0.00805961 0.0476161 4.95475e-07 4.15331e-05 0.00741047 0.00327905 0.0352817 7.96703e-06 0.0101239 2.56251e-07 0.00722045 0.971604 0.97553 0.904721 
new line 
0.00823359 0.00695111 0.0424088 0.898983 0.00820866 0.0112989 0.920523 0.0852331 0.983558 0.98175 0.0370687 0.0157837 
new line 
0.97315 0.0100903 0.00982774 0.00572342 0.964014 9.9786e-06 4.98943e-06 2.50327e-06 0.928817 4.32347e-07 0.00245319 6.66584e-07 0.00876475 0.965073 0.00803936 0.00571804 0.0132254 0.99997 5.19575e-06 2.51854e-06 0.0287561 0.999999 0.957578 0.799901 0.0128482 0.0099564 0.972422 0.0143403 0.0096497 9.97405e-06 0.999985 2.49997e-06 0.0282247 2.94947e-07 0.0333986 0.133317 0.00523658 0.0148805 0.00971117 0.974218 0.0131106 9.97404e-06 5.29582e-06 0.999992 0.0142017 2.93865e-07 0.00656986 0.0667811 
new line 
0.999998 0.25 0.999985 0.932949 0.99962 0.999977 0.424007 0.999998 0.63006 0.334441 0.25 0.999986 0.97889 0.999998 0.977547 0.00977915 0.999998 5.25808e-07 0.00892832 0.973318 0.00965445 0.0074706 0.999997 0.0882291 5.55885e-07 0.25 4.9999e-06 0.06705 0.000126607 7.73031e-06 0.566219 6.40772e-07 0.369939 0.665555 0.25 4.5291e-06 0.0045239 6.88909e-07 1.04558e-06 0.960605 7.67911e-07 0.947337 0.0115512 0.00381741 0.0134044 0.0187248 8.30119e-07 1.15324e-06 5.55743e-07 0.25 4.9999e-06 6.63009e-07 0.000126607 7.73031e-06 4.34342e-08 6.40772e-07 4.10775e-07 1.10221e-06 0.25 4.5291e-06 0.0075392 6.88909e-07 2.29754e-07 0.0111363 8.43928e-07 0.0526624 0.970513 0.00763372 0.964248 0.00760219 1.02413e-06 1.34905e-06 5.55743e-07 0.25 4.9999e-06 6.63009e-07 0.000126607 7.73031e-06 0.0097739 6.40772e-07 3.82322e-07 2.81161e-06 0.25 4.5291e-06 0.00904694 6.88909e-07 0.0224514 0.0184792 7.67909e-07 5.25808e-07 0.0090076 0.0152305 0.012693 0.966202 8.30134e-07 0.911768 
new line 
0.919404 0.0286397 0.0519562 
=======
1 0.496073 0.946003 0.0501887 8.17207e-09 0.487576 0.0423814 0.900351 8.10826e-09 0.0163513 0.0116156 0.04946 
new line 
0.0503852 0.949615 
new line 
0.942371 0.977115 0.00471069 0.0480738 0.0410561 0.0105014 0.0832737 0.899598 0.016573 0.0123841 0.912016 0.0523279 
new line 
0.947111 0.0376297 0.0119881 0.0445313 0.951925 0.0379368 0.00835721 0.0104457 0.950075 
new line 
0.947335 0.0441162 0.00759082 0.0416186 0.943518 0.271244 0.0110464 0.0123656 0.721165 
new line 
0.910459 0.0109618 0.0895415 0.989038 
new line 
0.00986405 0.980174 0.00996231 
new line 
0.0130929 0.0104103 9.54318e-09 0.940106 0.0103256 9.43856e-09 0.0282434 0.970079 0.00929575 0.0185578 0.00918507 0.990704 
new line 
0.049499 0.950501 
new line 
1 0.923584 0.668683 0.0225897 0.972642 0.0103027 1 0.00562208 1.57398e-07 0.0286157 0.169334 0.962705 0.00775821 0.0108226 8.28302e-08 0.00513112 1.57398e-07 0.0380186 0.161983 0.00485454 0.013711 0.969043 8.28302e-08 0.0102227 1.57398e-07 0.00978177 1.61982e-07 0.00985046 0.00588896 0.00983152 8.54657e-08 0.979024 
new line 
0.0450075 0.954993 
new line 
0.92358 7.08489e-08 2.5057e-09 1.10222e-07 0.25 1.24965e-05 6.60856e-08 0.25 0.999998 7.91929e-07 4.13986e-08 0.452865 0.97949 0.0113187 0.0114601 0.00766261 1 0.537036 0.204155 0.181054 0.954066 5.63563e-08 0.0157706 1.13956e-07 6.23834e-08 0.639209 0.0103128 1.14089e-07 0.25 0.999963 0.264117 0.25 4.99999e-07 0.202126 4.13986e-08 4.52865e-07 0.00836613 0.973534 0.00929008 0.00767178 6.91742e-08 0.462964 0.721787 0.818946 0.0229669 0.888916 0.00648385 1.13956e-07 6.00466e-08 0.217986 0.0684562 1.13757e-07 0.25 1.24965e-05 0.403876 0.25 4.99999e-07 7.91929e-07 0.101179 4.52865e-07 0.00315448 0.0076132 0.970987 0.0077304 6.88911e-08 7.67909e-08 0.0583488 9.05271e-08 0.0229669 0.111084 0.395644 1.13956e-07 0.0764196 0.142805 0.921231 1 0.25 1.24965e-05 0.332008 0.25 5.02589e-07 0.797872 0.898821 0.547134 0.00898893 0.00753389 0.00826236 0.976935 6.88911e-08 7.67909e-08 0.0157091 9.05271e-08 2.29668e-08 5.55248e-08 0.582102 1 
new line 
0.0509371 0.949063 
new line 
0.957628 0.355579 0.322173 0.975794 0.00951246 0.0093628 4.23875e-08 0.639846 0.363249 0.0121063 0.980922 0.0105566 0.0423721 0.00457487 0.314578 0.0120998 0.00956565 0.980081 
new line 
0.0982477 0.901752 
new line 
0.357077 0.988849 0.391839 0.0131532 0.320191 0.00917437 0.26495 0.0111513 0.300545 0.975438 0.337998 0.00913712 0.377973 2.17446e-09 0.307616 0.0114085 0.341811 0.981689 
new line 
0.302449 0.973342 0.304588 0.00984043 0.329127 0.00917907 0.362052 0.0153878 0.313053 0.979398 0.320241 0.00860903 0.335499 0.0112702 0.382359 0.0107617 0.350632 0.982212 
new line 
0.982889 0.971153 0.303943 0.984031 0.0944371 0.0502069 0.904477 0.037403 0.0092838 0.00977214 0.0112421 0.601458 0.00794105 0.845987 0.385783 0.0830162 0.197082 0.0872934 0.00733915 0.0176052 0.094599 0.00802812 0.0595758 0.56401 0.0125069 0.765515 0.903423 
new line 
0.970172 0.958128 0.340844 0.947679 0.0423744 0.00544871 0.801372 0.010049 0.0147529 0.00752291 0.0391676 0.659156 0.0392865 0.94711 0.352558 0.190884 0.0379433 4.63163e-09 0.0223051 0.00270475 4.72337e-08 0.0130344 0.0105154 0.641993 0.0077442 0.952008 0.985247 
new line 
0.103249 0.0101626 0.884174 0.0870838 0.0125774 0.902754 
new line 
0.988887 0.304924 1.1204e-08 0.396065 0.0111131 0.29901 
new line 
0.00829827 0.991702 
new line 
0.20072 0.79928 
new line 
8.82809e-09 0.0502025 0.189353 0.901804 0.810647 0.0479939 
new line 
0.0108245 0.989176 
new line 
0.00979923 0.990201 
new line 
0.111746 2.85294e-08 0.013556 4.94473e-07 1.55663e-08 0.0164401 1.25745e-07 0.030029 0.0165632 1.07176e-07 0.0103429 5.80062e-08 0.0339095 0.00857691 4.22093e-08 5.17553e-08 0.0592355 6.64388e-08 2.78397e-08 4.21979e-08 8.15169e-07 0.0437374 0.109264 1.7808e-07 0.0353646 4.59063e-08 1.81249e-07 0.114808 0.0335225 0.00169148 0.0432559 0.0405038 0.00547177 0.0624894 0.048921 0.0109304 0.120968 0.109967 0.122785 0.987955 0.947461 0.307952 0.929262 0.955576 0.268492 0.936008 0.951029 0.311957 0.983176 0.99195 1 0.960827 1 0.409179 0.888254 1 0.986444 1 1 0.98356 1 0.969971 0.983437 1 0.989657 1 0.96609 0.991423 1 1 0.940765 1 1 1 0.999999 0.956263 0.890736 1 0.964635 1 1 0.885192 0.966478 0.998309 0.956744 0.959496 0.994528 0.937511 0.951079 0.98907 0.879032 0.890033 0.877215 0.0120447 0.0525394 0.692048 0.0707381 0.0444235 0.731508 0.0639925 0.0489708 0.688043 0.0168245 0.00804979 6.3708e-08 0.0391729 1.03247e-08 0.590821 
new line 
0.978993 0.00824592 0.0164582 0.97419 0.989786 0.767564 0.00787148 0.980441 0.00723076 0.0145592 0.00414611 0.232436 0.0131352 0.0113132 0.976311 0.0112508 0.00606826 2.7077e-08 
new line 
0.0841064 4.14796e-07 1.43297e-07 0.951102 0.960635 0.0442187 0.915894 1 1 0.0488975 0.0393649 0.955781 
new line 
1 0.984878 1 0.978654 0.959437 0.00961002 1 0.00671714 6.96902e-08 0.00845429 8.10879e-08 0.00982262 0.0405633 0.947467 2.00024e-07 0.0158323 6.96902e-08 0.00666725 7.50109e-08 0.0115237 1.352e-08 0.0429234 2.03318e-07 0.977451 
new line 
0.975912 0.983547 0.971359 0.00853273 0.999997 2.93863e-08 0.00903494 0.500908 0.0155652 0.00583102 0.5 6.68021e-08 0.00985467 0.00987192 0.0143207 0.977764 9.99418e-07 0.970614 0.0100226 0.499091 0.0133833 0.0145279 0.5 6.67118e-08 0.00766492 0.00329064 1.43206e-08 0.0102899 9.9744e-07 2.95304e-08 0.969556 5.02305e-07 0.957713 0.0116635 2.5e-07 6.74389e-08 0.00656864 0.00329064 0.0143207 0.00341317 9.9744e-07 0.0293864 0.011386 4.99464e-07 0.0133388 0.967978 2.50424e-07 1 
new line 
1 0.11089 0.0122495 0.00983705 0.929437 0.0776576 0.00835405 2.5625e-08 0.971921 0.00828044 0.0117112 0.0476625 4.9548e-08 0.88911 0.975379 0.973768 0.0352814 7.76285e-08 0.00975713 2.60185e-08 0.00962724 0.0115863 0.00469901 4.77348e-08 5.13727e-08 1.20542e-07 0.00496087 0.0131161 3.61976e-08 0.922342 0.971765 1 0.0112317 0.00852782 0.00805311 0.0476158 4.95476e-08 1.12181e-07 0.00741022 0.00327902 0.0352815 7.86687e-08 0.0101239 2.56251e-08 0.00722044 0.971605 0.975537 0.904722 
new line 
0.00823357 0.006951 0.0424088 0.898983 0.0082086 0.0113033 0.920523 0.0852331 0.983558 0.981746 0.0370686 0.0157836 
new line 
0.973152 0.0100903 0.00982776 0.0057234 0.964014 9.97896e-07 4.98956e-07 2.50329e-07 0.928786 3.12373e-08 0.00245263 6.66585e-08 0.00876437 0.965073 0.00803938 0.00571802 0.0132255 0.999997 4.99699e-07 2.51852e-07 0.0287691 1 0.957579 0.799902 0.0128477 0.00995639 0.972422 0.0143403 0.00964971 9.9744e-07 0.999998 2.5e-07 0.0282371 2.94943e-08 0.0333984 0.133317 0.00523638 0.0148805 0.00971116 0.974218 0.0131106 9.9744e-07 5.20823e-07 0.999999 0.0142079 2.93865e-08 0.00656985 0.0667806 
new line 
1 0.25 0.999999 0.933095 0.999963 0.999998 0.424007 1 0.63005 0.334442 0.25 0.999999 0.97889 1 0.977549 0.00976643 1 5.25808e-08 0.00892871 0.973318 0.00965563 0.00747059 1 0.0881703 5.55901e-08 0.25 4.99999e-07 0.0669053 1.24965e-05 7.91929e-07 0.56622 6.40769e-08 0.36995 0.665558 0.25 4.52865e-07 0.00452387 6.88911e-08 2.4318e-08 0.960618 7.67909e-08 0.947338 0.0115512 0.00381741 0.0134041 0.0187248 8.30122e-08 1.15091e-07 5.55758e-08 0.25 4.99999e-07 6.61614e-08 1.24965e-05 7.91929e-07 2.47608e-09 6.40769e-08 3.89058e-08 1.10222e-07 0.25 4.52865e-07 0.00753917 6.88911e-08 2.2799e-08 0.0111365 8.27542e-08 0.0526619 0.970513 0.0076337 0.964247 0.00760208 9.48905e-08 1.16374e-07 5.55758e-08 0.25 4.99999e-07 6.61614e-08 1.24965e-05 7.91929e-07 0.00977388 6.40769e-08 3.8233e-08 1.15298e-07 0.25 4.52865e-07 0.00904691 6.88911e-08 0.0224512 0.0184794 7.67909e-08 5.25808e-08 0.0090076 0.0152306 0.0126929 0.966203 8.30122e-08 0.911829 
new line 
0.919407 0.0286396 0.0519533 
>>>>>>> 3763a6a757362da092f20004dccf088e625bcaa1
Perfect! Hurrah! 
