11100
file closed
line count 11100
0.8 0.2 
0.6 0.588235 0.333333 0.25 0.266667 0.352941 0.388889 0.25 0.133333 0.0588235 0.277778 0.5 
0.666667 0.333333 
0.153846 0.5 0.3125 0.294118 0.0769231 0.3 0.5 0.176471 0.769231 0.2 0.1875 0.529412 
0.5 0.352941 0.318182 0.125 0.470588 0.318182 0.375 0.176471 0.363636 
0.444444 0.666667 0.333333 0.444444 0.0666667 0.333333 0.111111 0.266667 0.333333 
0.416667 0.777778 0.583333 0.222222 
0.15 0.5 0.35 
0.0625 0.181818 0.4 0.25 0.545455 0.4 0.5625 0.181818 0.133333 0.125 0.0909091 0.0666667 
0.571429 0.428571 
0.333333 0.0769231 0.148148 0.304348 0.363636 0.3 0.129032 0.0625 0.3 0.692308 0.222222 0.347826 0.363636 0.35 0.322581 0.4375 0.166667 0.153846 0.37037 0.0869565 0.227273 0.25 0.225806 0.375 0.2 0.0769231 0.259259 0.26087 0.0454545 0.1 0.322581 0.125 
0.444444 0.555556 
0.307692 0.130435 0.37037 0.0833333 0.176471 0.0588235 0.25 0.296296 0.235294 0.529412 0.1875 0.642857 0.21875 0.4 0.0434783 0.24 0.166667 0.4375 0.344828 0.277778 0.125 0.307692 0.454545 0.294118 0.192308 0.434783 0.037037 0.583333 0.0588235 0.352941 0.375 0.37037 0.235294 0.176471 0.3125 0.0714286 0.15625 0.12 0.347826 0.16 0.166667 0.375 0.0689655 0.25 0.4375 0.0769231 0.181818 0.294118 0.346154 0.26087 0.333333 0.166667 0.294118 0.470588 0.25 0.037037 0.264706 0.235294 0.21875 0.0714286 0.3125 0.4 0.434783 0.28 0.222222 0.0625 0.241379 0.277778 0.25 0.269231 0.136364 0.176471 0.153846 0.173913 0.259259 0.166667 0.470588 0.117647 0.125 0.296296 0.264706 0.0588235 0.28125 0.214286 0.3125 0.08 0.173913 0.32 0.444444 0.125 0.344828 0.194444 0.1875 0.346154 0.227273 0.235294 
0.333333 0.666667 
0.333333 0.368421 0.181818 0.45 0.266667 0.555556 0.238095 0.526316 0.727273 0.1 0.266667 0.111111 0.428571 0.105263 0.0909091 0.45 0.466667 0.333333 
0.333333 0.666667 
0.769231 0.444444 0.3125 0.2 0.4 0.4 0.153846 0.111111 0.4375 0.3 0.333333 0.2 0.0769231 0.444444 0.25 0.5 0.266667 0.4 
0.352941 0.2 0.05 0.409091 0.133333 0.36 0.0588235 0.2 0.5 0.409091 0.266667 0.4 0.588235 0.6 0.45 0.181818 0.6 0.24 
0.214286 0.384615 0.5 0.454545 0.333333 0.222222 0.214286 0.357143 0.0769231 0.428571 0.346154 0.357143 0.272727 0.333333 0.444444 0.428571 0.357143 0.692308 0.357143 0.269231 0.142857 0.272727 0.333333 0.333333 0.357143 0.285714 0.230769 
0.454545 0.555556 0.25 0.105263 0.142857 0.181818 0.416667 0.0769231 0.333333 0.454545 0.277778 0.25 0.421053 0.214286 0.0909091 0.166667 0.615385 0.388889 0.0909091 0.166667 0.5 0.473684 0.642857 0.727273 0.416667 0.307692 0.277778 
0.304348 0.5 0.434783 0.05 0.26087 0.45 
0.0769231 0.538462 0.230769 0.230769 0.692308 0.230769 
0.727273 0.272727 
0.5 0.5 
0.5 0.142857 0.05 0.357143 0.45 0.5 
0.833333 0.166667 
0.727273 0.272727 
0.909091 0.727273 0.416667 0.384615 0.25 0.3 0.555556 0.25 0.4 0.555556 0.222222 0.8 0.692308 0.571429 0.727273 0.75 0.8 0.666667 0.166667 0.538462 0.642857 0.230769 0.444444 0.6 0.7 0.666667 0.545455 0.5 0.75 0.833333 0.666667 0.666667 0.571429 0.166667 0.666667 0.411765 0.454545 0.666667 0.714286 0.769231 0.5 0.333333 0.454545 0.2 0.6 0.272727 0.833333 0.3 0.4 0.588235 0.666667 0.526316 0.333333 0.6 0.0909091 0.272727 0.583333 0.615385 0.75 0.7 0.444444 0.75 0.6 0.444444 0.777778 0.2 0.307692 0.428571 0.272727 0.25 0.2 0.333333 0.833333 0.461538 0.357143 0.769231 0.555556 0.4 0.3 0.333333 0.454545 0.5 0.25 0.166667 0.333333 0.333333 0.428571 0.833333 0.333333 0.588235 0.545455 0.333333 0.285714 0.230769 0.5 0.666667 0.545455 0.8 0.4 0.727273 0.166667 0.7 0.6 0.411765 0.333333 0.473684 0.666667 0.4 
0.363636 0.37037 0.45 0.588235 0.294118 0.176471 0.181818 0.333333 0.35 0.352941 0.588235 0.470588 0.454545 0.296296 0.2 0.0588235 0.117647 0.352941 
0.25 0.411765 0.555556 0.444444 0.428571 0.75 0.75 0.588235 0.444444 0.555556 0.571429 0.25 
0.307692 0.142857 0.25 0.352941 0.277778 0.526316 0.4 0.3 0.384615 0.380952 0.166667 0.529412 0.388889 0.421053 0.24 0.5 0.307692 0.47619 0.583333 0.117647 0.333333 0.0526316 0.36 0.2 
0.272727 0.444444 0.166667 0.2 0.285714 0.15 0.217391 0.416667 0.357143 0.4 0.322581 0.375 0.272727 0.111111 0.388889 0.4 0.380952 0.4 0.347826 0.333333 0.357143 0.24 0.16129 0.208333 0.151515 0.222222 0.333333 0.1 0.190476 0.3 0.217391 0.166667 0.0714286 0.32 0.193548 0.333333 0.30303 0.222222 0.111111 0.3 0.142857 0.15 0.217391 0.0833333 0.214286 0.04 0.322581 0.0833333 
0.3125 0.285714 0.208333 0.428571 0.21875 0.47619 0.47619 0.0526316 0.166667 0.269231 0.210526 0.222222 0.125 0.257143 0.333333 0.357143 0.25 0.238095 0.0952381 0.368421 0.444444 0.153846 0.105263 0.037037 0.25 0.228571 0.0416667 0.0714286 0.3125 0.142857 0.0952381 0.0526316 0.222222 0.346154 0.368421 0.37037 0.3125 0.228571 0.416667 0.142857 0.21875 0.142857 0.333333 0.526316 0.166667 0.230769 0.315789 0.37037 
0.454545 0.4 0.444444 0.727273 0.136364 0.1 0.444444 0.181818 0.409091 0.5 0.111111 0.0909091 
0.181818 0.26087 0.0526316 0.269231 0.133333 0.264706 0.258065 0.115385 0.241379 0.321429 0.272727 0.130435 0.181818 0.0869565 0.210526 0.230769 0.333333 0.294118 0.193548 0.346154 0.310345 0.178571 0.363636 0.130435 0.272727 0.304348 0.210526 0.269231 0.3 0.235294 0.225806 0.153846 0.103448 0.321429 0.0454545 0.347826 0.363636 0.347826 0.526316 0.230769 0.233333 0.205882 0.322581 0.384615 0.344828 0.178571 0.318182 0.391304 
0.25 0.2 0.333333 0.235294 0.290323 0.4375 0.352941 0.333333 0.214286 0.1 0.30303 0.272727 0.391304 0.347826 0.36 0.111111 0.28125 0.04 0.526316 0.3 0.473684 0.0666667 0.142857 0.225806 0.4375 0.1 0.266667 0.352941 0.193548 0.375 0.294118 0.166667 0.357143 0.2 0.151515 0.363636 0.0869565 0.130435 0.12 0.333333 0.1875 0.2 0.210526 0.3 0.105263 0.2 0.380952 0.322581 0.1875 0.35 0.233333 0.176471 0.225806 0.0625 0.0588235 0.25 0.142857 0.5 0.30303 0.0909091 0.26087 0.173913 0.12 0.185185 0.28125 0.36 0.210526 0.15 0.157895 0.4 0.047619 0.258065 0.125 0.35 0.166667 0.235294 0.290323 0.125 0.294118 0.25 0.285714 0.2 0.242424 0.272727 0.26087 0.347826 0.4 0.37037 0.25 0.4 0.0526316 0.25 0.263158 0.333333 0.428571 0.193548 
0.2 0.266667 0.533333 
after init
new line 
0.8 0.2 
new line 
0.6 0.588235 0.333333 0.25 0.266667 0.352941 0.388889 0.25 0.133333 0.0588235 0.277778 0.5 
new line 
0.666667 0.333333 
new line 
0.153846 0.5 0.3125 0.294118 0.0769231 0.3 0.5 0.176471 0.769231 0.2 0.1875 0.529412 
new line 
0.5 0.352941 0.318182 0.125 0.470588 0.318182 0.375 0.176471 0.363636 
new line 
0.444444 0.666667 0.333333 0.444444 0.0666667 0.333333 0.111111 0.266667 0.333333 
new line 
0.416667 0.777778 0.583333 0.222222 
new line 
0.15 0.5 0.35 
new line 
0.0625 0.181818 0.4 0.25 0.545455 0.4 0.5625 0.181818 0.133333 0.125 0.0909091 0.0666667 
new line 
0.571429 0.428571 
new line 
0.333333 0.0769231 0.148148 0.304348 0.363636 0.3 0.129032 0.0625 0.3 0.692308 0.222222 0.347826 0.363636 0.35 0.322581 0.4375 0.166667 0.153846 0.37037 0.0869565 0.227273 0.25 0.225806 0.375 0.2 0.0769231 0.259259 0.26087 0.0454545 0.1 0.322581 0.125 
new line 
0.444444 0.555556 
new line 
0.307692 0.130435 0.37037 0.0833333 0.176471 0.0588235 0.25 0.296296 0.235294 0.529412 0.1875 0.642857 0.21875 0.4 0.0434783 0.24 0.166667 0.4375 0.344828 0.277778 0.125 0.307692 0.454545 0.294118 0.192308 0.434783 0.037037 0.583333 0.0588235 0.352941 0.375 0.37037 0.235294 0.176471 0.3125 0.0714286 0.15625 0.12 0.347826 0.16 0.166667 0.375 0.0689655 0.25 0.4375 0.0769231 0.181818 0.294118 0.346154 0.26087 0.333333 0.166667 0.294118 0.470588 0.25 0.037037 0.264706 0.235294 0.21875 0.0714286 0.3125 0.4 0.434783 0.28 0.222222 0.0625 0.241379 0.277778 0.25 0.269231 0.136364 0.176471 0.153846 0.173913 0.259259 0.166667 0.470588 0.117647 0.125 0.296296 0.264706 0.0588235 0.28125 0.214286 0.3125 0.08 0.173913 0.32 0.444444 0.125 0.344828 0.194444 0.1875 0.346154 0.227273 0.235294 
new line 
0.333333 0.666667 
new line 
0.333333 0.368421 0.181818 0.45 0.266667 0.555556 0.238095 0.526316 0.727273 0.1 0.266667 0.111111 0.428571 0.105263 0.0909091 0.45 0.466667 0.333333 
new line 
0.333333 0.666667 
new line 
0.769231 0.444444 0.3125 0.2 0.4 0.4 0.153846 0.111111 0.4375 0.3 0.333333 0.2 0.0769231 0.444444 0.25 0.5 0.266667 0.4 
new line 
0.352941 0.2 0.05 0.409091 0.133333 0.36 0.0588235 0.2 0.5 0.409091 0.266667 0.4 0.588235 0.6 0.45 0.181818 0.6 0.24 
new line 
0.214286 0.384615 0.5 0.454545 0.333333 0.222222 0.214286 0.357143 0.0769231 0.428571 0.346154 0.357143 0.272727 0.333333 0.444444 0.428571 0.357143 0.692308 0.357143 0.269231 0.142857 0.272727 0.333333 0.333333 0.357143 0.285714 0.230769 
new line 
0.454545 0.555556 0.25 0.105263 0.142857 0.181818 0.416667 0.0769231 0.333333 0.454545 0.277778 0.25 0.421053 0.214286 0.0909091 0.166667 0.615385 0.388889 0.0909091 0.166667 0.5 0.473684 0.642857 0.727273 0.416667 0.307692 0.277778 
new line 
0.304348 0.5 0.434783 0.05 0.26087 0.45 
new line 
0.0769231 0.538462 0.230769 0.230769 0.692308 0.230769 
new line 
0.727273 0.272727 
new line 
0.5 0.5 
new line 
0.5 0.142857 0.05 0.357143 0.45 0.5 
new line 
0.833333 0.166667 
new line 
0.727273 0.272727 
new line 
0.909091 0.727273 0.416667 0.384615 0.25 0.3 0.555556 0.25 0.4 0.555556 0.222222 0.8 0.692308 0.571429 0.727273 0.75 0.8 0.666667 0.166667 0.538462 0.642857 0.230769 0.444444 0.6 0.7 0.666667 0.545455 0.5 0.75 0.833333 0.666667 0.666667 0.571429 0.166667 0.666667 0.411765 0.454545 0.666667 0.714286 0.769231 0.5 0.333333 0.454545 0.2 0.6 0.272727 0.833333 0.3 0.4 0.588235 0.666667 0.526316 0.333333 0.6 0.0909091 0.272727 0.583333 0.615385 0.75 0.7 0.444444 0.75 0.6 0.444444 0.777778 0.2 0.307692 0.428571 0.272727 0.25 0.2 0.333333 0.833333 0.461538 0.357143 0.769231 0.555556 0.4 0.3 0.333333 0.454545 0.5 0.25 0.166667 0.333333 0.333333 0.428571 0.833333 0.333333 0.588235 0.545455 0.333333 0.285714 0.230769 0.5 0.666667 0.545455 0.8 0.4 0.727273 0.166667 0.7 0.6 0.411765 0.333333 0.473684 0.666667 0.4 
new line 
0.363636 0.37037 0.45 0.588235 0.294118 0.176471 0.181818 0.333333 0.35 0.352941 0.588235 0.470588 0.454545 0.296296 0.2 0.0588235 0.117647 0.352941 
new line 
0.25 0.411765 0.555556 0.444444 0.428571 0.75 0.75 0.588235 0.444444 0.555556 0.571429 0.25 
new line 
0.307692 0.142857 0.25 0.352941 0.277778 0.526316 0.4 0.3 0.384615 0.380952 0.166667 0.529412 0.388889 0.421053 0.24 0.5 0.307692 0.47619 0.583333 0.117647 0.333333 0.0526316 0.36 0.2 
new line 
0.272727 0.444444 0.166667 0.2 0.285714 0.15 0.217391 0.416667 0.357143 0.4 0.322581 0.375 0.272727 0.111111 0.388889 0.4 0.380952 0.4 0.347826 0.333333 0.357143 0.24 0.16129 0.208333 0.151515 0.222222 0.333333 0.1 0.190476 0.3 0.217391 0.166667 0.0714286 0.32 0.193548 0.333333 0.30303 0.222222 0.111111 0.3 0.142857 0.15 0.217391 0.0833333 0.214286 0.04 0.322581 0.0833333 
new line 
0.3125 0.285714 0.208333 0.428571 0.21875 0.47619 0.47619 0.0526316 0.166667 0.269231 0.210526 0.222222 0.125 0.257143 0.333333 0.357143 0.25 0.238095 0.0952381 0.368421 0.444444 0.153846 0.105263 0.037037 0.25 0.228571 0.0416667 0.0714286 0.3125 0.142857 0.0952381 0.0526316 0.222222 0.346154 0.368421 0.37037 0.3125 0.228571 0.416667 0.142857 0.21875 0.142857 0.333333 0.526316 0.166667 0.230769 0.315789 0.37037 
new line 
0.454545 0.4 0.444444 0.727273 0.136364 0.1 0.444444 0.181818 0.409091 0.5 0.111111 0.0909091 
new line 
0.181818 0.26087 0.0526316 0.269231 0.133333 0.264706 0.258065 0.115385 0.241379 0.321429 0.272727 0.130435 0.181818 0.0869565 0.210526 0.230769 0.333333 0.294118 0.193548 0.346154 0.310345 0.178571 0.363636 0.130435 0.272727 0.304348 0.210526 0.269231 0.3 0.235294 0.225806 0.153846 0.103448 0.321429 0.0454545 0.347826 0.363636 0.347826 0.526316 0.230769 0.233333 0.205882 0.322581 0.384615 0.344828 0.178571 0.318182 0.391304 
new line 
0.25 0.2 0.333333 0.235294 0.290323 0.4375 0.352941 0.333333 0.214286 0.1 0.30303 0.272727 0.391304 0.347826 0.36 0.111111 0.28125 0.04 0.526316 0.3 0.473684 0.0666667 0.142857 0.225806 0.4375 0.1 0.266667 0.352941 0.193548 0.375 0.294118 0.166667 0.357143 0.2 0.151515 0.363636 0.0869565 0.130435 0.12 0.333333 0.1875 0.2 0.210526 0.3 0.105263 0.2 0.380952 0.322581 0.1875 0.35 0.233333 0.176471 0.225806 0.0625 0.0588235 0.25 0.142857 0.5 0.30303 0.0909091 0.26087 0.173913 0.12 0.185185 0.28125 0.36 0.210526 0.15 0.157895 0.4 0.047619 0.258065 0.125 0.35 0.166667 0.235294 0.290323 0.125 0.294118 0.25 0.285714 0.2 0.242424 0.272727 0.26087 0.347826 0.4 0.37037 0.25 0.4 0.0526316 0.25 0.263158 0.333333 0.428571 0.193548 
new line 
0.2 0.266667 0.533333 
 ------------------------------------------------------------
new line 
0.204303 0.795697 
new line 
1 0.49607 0.946001 0.0501873 1.56818e-07 0.487578 0.0423839 0.900352 8.15094e-08 0.0163521 0.0116151 0.0494603 
new line 
0.0503861 0.949614 
new line 
0.942363 0.977114 0.00471121 0.048073 0.0410583 0.0105021 0.0832582 0.899599 0.0165782 0.0123839 0.912031 0.0523276 
new line 
0.947112 0.0376301 0.011989 0.0445315 0.951924 0.0379561 0.00835687 0.0104456 0.950055 
new line 
0.947334 0.0441167 0.00759577 0.0416196 0.943518 0.271254 0.0110466 0.0123652 0.72115 
new line 
0.9104 0.0109632 0.0896 0.989037 
new line 
0.00986357 0.980174 0.00996244 
new line 
0.0129447 0.0104104 3.34423e-06 0.940222 0.0103262 1.64713e-06 0.0282736 0.970078 0.0093069 0.0185593 0.00918514 0.990688 
new line 
0.049499 0.950501 
new line 
0.999995 0.923558 0.668689 0.0226519 0.972638 0.0103031 0.999982 0.00562576 1.57395e-06 0.0286198 0.169334 0.96264 0.00775598 0.0108232 8.28325e-07 0.00512902 1.57395e-06 0.0380372 0.161976 0.00485631 0.013717 0.969042 8.28324e-07 0.0102258 1.57395e-06 0.00978454 1.61974e-06 0.00985171 0.00588898 0.00983152 1.62238e-05 0.979019 
new line 
0.0450063 0.954994 
new line 
0.923916 2.7693e-06 2.84982e-07 1.1022e-06 0.25 0.000127057 2.21114e-06 0.25 0.999985 7.65634e-06 4.48548e-06 0.452968 0.979473 0.0113186 0.0114598 0.00766274 0.999998 0.537029 0.204144 0.181019 0.954039 1.85882e-05 0.0157745 1.13947e-06 2.82043e-05 0.637921 0.0102971 1.50924e-06 0.25 0.999619 0.264144 0.25 4.9999e-06 0.228919 7.19983e-06 4.52964e-06 0.00836372 0.973529 0.00929034 0.00767198 7.06194e-07 0.46297 0.721732 0.818745 0.0229936 0.88883 0.00648387 1.13946e-06 1.72128e-05 0.21873 0.0684694 1.21254e-06 0.25 0.000127057 0.403821 0.25 4.9999e-06 7.65634e-06 0.100993 4.52964e-06 0.00316268 0.00761859 0.970988 0.00773473 6.88897e-07 7.67909e-07 0.0584151 9.60491e-06 0.0229666 0.111121 0.39565 1.13946e-06 0.0760384 0.143346 0.921233 0.999996 0.25 0.000127057 0.332033 0.25 5.04244e-06 0.771065 0.898996 0.547023 0.00900074 0.00753373 0.00826233 0.976931 6.88897e-07 7.67909e-07 0.015709 0.000226643 4.43152e-07 3.03853e-05 0.582091 0.999997 
new line 
0.0509363 0.949064 
new line 
0.957618 0.355563 0.322142 0.975793 0.00951159 0.00936562 2.76304e-06 0.639862 0.363252 0.0121063 0.980922 0.0105576 0.0423793 0.00457459 0.314606 0.0121005 0.00956598 0.980077 
new line 
0.0982466 0.901753 
new line 
0.357114 0.988827 0.391839 0.0131539 0.320196 0.00917466 0.264948 0.0111706 0.300553 0.975435 0.338001 0.00913779 0.377938 2.7283e-06 0.307608 0.0114108 0.341803 0.981688 
new line 
0.302591 0.973312 0.304588 0.00984118 0.329124 0.00918022 0.361942 0.0153881 0.313047 0.979399 0.320231 0.00861101 0.335467 0.0113002 0.382365 0.0107595 0.350645 0.982209 
new line 
0.982874 0.971145 0.30395 0.984026 0.0944372 0.0502065 0.904474 0.0374031 0.00928519 0.0097837 0.0112488 0.601455 0.00794459 0.845986 0.385786 0.0830163 0.197081 0.0872959 0.0073423 0.0176063 0.094596 0.00802977 0.0595773 0.564008 0.0125095 0.765515 0.903419 
new line 
0.970173 0.958131 0.340851 0.947678 0.042375 0.00545571 0.801373 0.010049 0.0147816 0.00752268 0.0391641 0.659149 0.0392875 0.947109 0.352565 0.190881 0.0379437 1.50983e-05 0.0223042 0.0027049 4.7233e-07 0.0130349 0.0105165 0.641979 0.00774651 0.952007 0.985203 
new line 
0.103254 0.0101592 0.884168 0.0870817 0.0125775 0.902759 
new line 
0.988845 0.304926 3.25637e-05 0.396065 0.0111221 0.29901 
new line 
0.00829862 0.991701 
new line 
0.200723 0.799277 
new line 
1.66418e-05 0.0502026 0.189472 0.901804 0.810512 0.0479932 
new line 
0.010826 0.989174 
new line 
0.00979967 0.9902 
new line 
0.111746 2.85341e-07 0.0135601 0.000165864 1.5622e-07 0.0164278 1.25808e-06 0.0300291 0.016576 0.000868572 0.0103429 5.80108e-07 0.0338915 0.00861245 1.92204e-06 6.07973e-07 0.0592411 6.64381e-07 2.83419e-07 7.70166e-07 0.0117204 0.0437455 0.109265 1.7807e-06 0.0353647 1.59032e-05 1.81524e-06 0.114806 0.0335213 0.0016915 0.0432559 0.040506 0.00547467 0.0624483 0.048963 0.0109314 0.120968 0.10997 0.12279 0.987951 0.947463 0.307947 0.92926 0.955584 0.268483 0.935926 0.951021 0.310909 0.983175 0.991949 0.999996 0.960849 1 0.409175 0.888254 1 0.98644 0.999834 1 0.983572 0.999999 0.969971 0.983424 0.999131 0.989657 0.999999 0.966108 0.991388 0.999998 0.999999 0.940759 0.999999 1 0.999999 0.98828 0.956255 0.890735 0.999998 0.964635 0.999984 0.999998 0.885194 0.966479 0.998309 0.956744 0.959494 0.994525 0.937552 0.951037 0.989069 0.879032 0.89003 0.87721 0.012049 0.0525372 0.692053 0.0707404 0.0444163 0.731517 0.0640742 0.0489793 0.689091 0.0168251 0.00805067 4.3234e-06 0.0391511 1.33013e-07 0.590825 
new line 
0.97899 0.00825097 0.0164608 0.97419 0.989777 0.767672 0.00787359 0.980435 0.00723921 0.0145593 0.00415444 0.232317 0.0131366 0.0113142 0.9763 0.0112503 0.00606837 1.10623e-05 
new line 
0.0841191 0.00328784 1.4472e-06 0.951108 0.96064 0.0442227 0.915881 0.996712 0.999999 0.0488919 0.0393605 0.955777 
new line 
0.999999 0.98488 0.999994 0.978656 0.959395 0.0096085 0.999987 0.00671705 6.96883e-07 0.00845229 5.73013e-06 0.00982273 0.0406025 0.947469 2.00021e-06 0.0158324 6.96883e-07 0.0066673 7.50206e-07 0.0115215 2.79725e-06 0.0429229 1.12015e-05 0.977451 
new line 
0.975907 0.983547 0.971376 0.00853319 0.999968 2.93862e-07 0.00903506 0.500884 0.0155651 0.00583147 0.499998 6.68438e-07 0.00985553 0.00987157 0.0143116 0.977761 1.19628e-05 0.970613 0.0100228 0.499041 0.0133832 0.0145285 0.499997 6.67186e-07 0.00766828 0.0032906 3.54319e-07 0.0102918 9.974e-06 3.00238e-07 0.969556 7.03722e-05 0.957713 0.0116639 2.49997e-06 9.40326e-07 0.00656919 0.0032906 0.0143116 0.00341374 9.974e-06 0.0293865 0.0113861 4.99513e-06 0.0133388 0.967976 2.55253e-06 0.999998 
new line 
0.999998 0.110821 0.0122495 0.00983711 0.929425 0.077647 0.00835426 2.5625e-07 0.971921 0.00828071 0.0117108 0.0476628 4.95464e-07 0.888545 0.975357 0.973768 0.0352812 5.23253e-06 0.00975759 7.65416e-07 0.00962735 0.0115864 0.00469892 4.77439e-07 1.15303e-06 6.74272e-05 0.00497925 0.0131161 1.19607e-05 0.922323 0.971764 0.999999 0.0112312 0.00852829 0.00809746 0.0476161 4.95461e-07 0.000566573 0.00741431 0.00327906 0.0352814 2.44346e-05 0.0101243 2.56251e-07 0.00722057 0.971605 0.975493 0.904721 
new line 
0.00823407 0.00695187 0.0424089 0.898982 0.008209 0.0112769 0.920522 0.0852337 0.983557 0.981771 0.0370688 0.0157839 
new line 
0.973149 0.0100904 0.00982767 0.0057235 0.964016 9.98025e-06 4.99699e-06 2.51265e-06 0.92883 2.81647e-06 0.00245536 6.66583e-07 0.00876586 0.965073 0.00803903 0.00571808 0.0132245 0.99997 2.2604e-05 2.56047e-06 0.0287512 0.999997 0.957576 0.7999 0.0128487 0.00995633 0.972422 0.0143403 0.00964943 9.9762e-06 0.999966 2.49997e-06 0.0282196 2.95984e-07 0.0333986 0.133317 0.00523662 0.0148804 0.00971128 0.974218 0.0131104 9.974e-06 6.86259e-06 0.999992 0.0141994 2.93864e-07 0.00656982 0.0667815 
new line 
0.999998 0.25 0.999985 0.932893 0.999619 0.999977 0.424006 0.999998 0.630004 0.334436 0.25 0.999986 0.97889 0.999998 0.977529 0.0097956 0.999996 5.25829e-07 0.008927 0.973319 0.00966261 0.00747058 0.999997 0.088247 5.56049e-07 0.25 4.9999e-06 0.0671055 0.000127057 7.65634e-06 0.56622 6.40784e-07 0.369994 0.665544 0.25 4.52964e-06 0.00452387 6.88897e-07 2.01599e-05 0.960589 7.75007e-07 0.947333 0.0115513 0.0038173 0.0134039 0.0187244 8.30125e-07 1.41415e-06 5.55901e-07 0.25 4.9999e-06 6.63546e-07 0.000127057 7.65634e-06 2.25698e-07 6.4078e-07 1.23242e-06 1.1022e-06 0.25 4.52964e-06 0.00753916 6.88898e-07 3.96928e-07 0.0111362 2.55569e-06 0.0526657 0.970514 0.00763404 0.964241 0.00760263 1.2083e-06 4.51008e-06 5.55901e-07 0.25 4.9999e-06 6.63546e-07 0.000127057 7.65634e-06 0.00977402 6.4078e-07 3.82373e-07 1.88431e-05 0.25 4.52964e-06 0.0090469 6.88897e-07 0.0224509 0.0184789 7.67909e-07 5.25828e-07 0.00900758 0.01523 0.0126928 0.966202 8.34981e-07 0.911747 
new line 
0.919402 0.0286405 0.0519576 
Perfect! Hurrah! 
